74 36 88 62 68 54 10 47 22 11 23 28 74 20 77 13 0 11 89 3 27 60 8 99 61 11 83 68 43 85 63 70 62 87 86 67 54 37 0 32 43 85 42 2 38 42 22 100 41 67 44 95 75 77 33 55 26 71 68 4 6 21 79 65 57 68 90 63 40 67 13 27 81 100 11 18 20 89 5 80 43 19 60 33 40 15 11 90 78 81 29 69 79 58 44 7 74 48 9 42 
100 54 84 3 32 88 78 52 83 74 78 36 29 27 45 86 35 14 44 93 5 15 22 82 53 82 64 38 69 64 91 63 5 10 43 66 40 52 76 98 66 94 43 99 57 65 18 37 23 90 45 76 83 78 91 17 43 66 69 51 24 52 92 45 87 24 18 97 46 8 97 88 89 15 15 72 37 87 54 38 67 25 24 21 73 100 34 15 12 16 13 93 65 65 78 33 78 33 92 2 
89 33 16 20 97 51 78 5 83 54 98 33 55 60 87 5 62 70 28 30 97 73 82 59 38 72 80 20 48 20 81 78 81 98 75 29 52 75 80 62 62 52 44 77 88 88 67 65 57 87 83 86 17 27 2 19 45 96 15 52 8 97 37 5 76 100 65 76 6 7 28 44 69 9 88 51 48 26 78 42 73 20 24 46 45 34 92 24 8 49 61 38 77 58 57 35 61 28 28 74 
19 17 94 60 99 49 33 16 12 47 33 20 9 18 3 62 47 26 64 6 49 44 67 73 22 17 62 32 11 7 18 77 50 13 45 69 26 86 3 73 18 88 2 85 42 65 53 51 85 1 44 85 4 19 20 85 11 67 71 63 46 72 55 19 13 62 54 81 77 68 88 83 85 75 88 33 51 15 19 98 6 13 40 75 33 74 48 70 83 99 18 96 0 6 63 64 30 51 37 89 
80 27 79 34 33 51 83 20 39 70 67 53 19 21 15 44 62 60 56 41 1 95 38 96 52 43 27 4 98 51 20 67 17 51 39 51 37 66 64 31 100 99 13 73 30 19 11 34 42 42 92 2 42 25 83 14 38 76 83 33 33 78 72 63 46 75 50 97 86 14 63 37 95 6 95 38 15 58 27 60 97 49 29 46 29 69 31 97 42 13 61 15 100 26 54 85 50 51 21 47 
27 41 100 1 79 48 12 59 42 48 20 98 20 3 73 30 64 54 1 22 42 34 66 82 42 81 22 17 21 87 53 51 21 21 45 79 9 4 19 89 24 20 57 63 33 12 86 6 71 6 45 75 24 79 86 83 29 81 72 36 10 43 84 16 54 41 37 35 12 36 52 60 69 0 74 5 40 25 29 84 95 38 96 91 73 65 35 35 24 69 90 80 73 46 18 12 1 45 46 43 
11 39 54 4 25 15 66 30 13 25 82 72 48 18 88 89 88 42 75 63 56 30 71 22 65 95 83 53 99 88 31 56 49 42 12 43 8 30 92 72 96 45 12 9 17 29 85 78 74 74 0 56 85 11 80 88 97 32 1 39 53 83 81 85 34 90 38 45 64 16 0 73 63 15 3 40 73 44 3 30 0 55 12 27 55 81 54 36 25 0 93 76 0 63 45 22 7 44 87 1 
62 91 76 51 57 59 71 94 11 83 77 18 26 25 19 21 13 76 16 24 11 71 62 67 57 27 77 9 50 93 60 39 38 47 20 43 72 36 61 12 19 11 54 42 29 55 15 100 22 30 15 32 25 25 56 87 26 27 77 51 33 87 56 11 12 18 95 60 58 10 11 96 84 3 63 100 81 29 7 62 57 14 45 29 96 62 68 85 93 68 89 18 16 25 94 70 18 31 51 84 
93 92 39 24 91 76 38 46 20 16 47 21 2 45 12 4 59 65 83 40 41 73 33 18 35 65 28 73 46 75 82 100 23 63 59 17 31 51 16 84 71 3 64 55 59 21 57 49 34 41 51 54 29 85 0 18 36 42 32 36 45 55 93 49 63 79 26 49 51 1 81 9 76 23 49 26 61 2 55 98 79 5 65 32 3 99 42 39 1 73 12 14 74 91 94 90 53 92 39 20 
50 27 97 59 83 77 87 89 93 68 78 34 77 5 95 74 40 76 9 70 25 23 83 38 7 95 2 22 25 23 68 49 91 13 6 42 24 75 41 81 81 96 18 48 69 100 62 53 64 36 33 89 7 27 22 100 29 10 4 44 78 94 90 47 61 65 43 50 71 63 41 89 91 77 83 50 51 94 61 75 23 87 95 15 64 88 63 70 62 76 28 73 77 77 54 31 7 37 0 46 
88 11 65 74 67 64 15 9 91 75 80 45 80 28 60 68 95 71 46 44 22 76 57 21 33 25 20 66 58 84 45 71 97 5 28 85 37 64 93 32 81 99 5 61 9 3 99 47 97 94 75 61 36 41 62 28 35 72 21 69 2 82 69 36 97 35 12 50 69 94 81 53 2 12 72 99 74 49 14 11 81 29 9 69 0 99 62 71 72 40 55 83 73 89 80 71 99 43 65 60 
13 64 89 30 46 9 21 86 73 38 95 44 38 18 21 77 71 60 26 25 8 92 76 37 56 91 77 6 17 65 72 77 62 37 84 94 14 79 52 80 72 32 99 80 79 25 82 67 44 6 79 79 77 94 92 64 20 37 10 41 2 13 5 83 15 48 75 46 85 76 95 7 71 85 30 83 60 61 27 13 89 97 81 82 70 40 1 93 15 83 24 49 14 100 79 48 25 5 33 0 
36 10 20 11 13 53 28 99 91 80 81 58 55 27 92 26 9 98 36 64 16 25 39 11 49 15 70 45 53 29 9 29 88 53 24 36 83 24 68 17 64 61 89 72 21 77 71 100 81 60 37 86 18 10 53 99 69 58 8 58 51 91 67 84 88 56 23 4 20 38 80 56 31 93 98 87 70 46 71 59 50 93 79 93 13 64 21 98 2 15 24 14 34 63 74 68 13 27 5 24 
17 49 87 86 38 42 44 37 49 71 41 7 18 8 95 33 20 91 97 87 28 36 16 68 99 71 26 26 88 27 0 32 82 8 84 27 79 10 10 74 46 78 77 7 88 39 94 23 4 1 37 4 8 90 85 28 10 57 84 79 97 80 8 26 88 40 98 37 21 47 12 98 67 62 57 65 39 72 0 85 48 34 9 31 4 18 41 74 31 74 73 99 85 27 65 57 73 47 90 58 
1 0 75 97 90 94 41 65 6 26 13 64 27 69 88 39 74 68 94 71 35 89 82 100 34 22 28 45 5 81 95 3 34 19 57 89 58 64 11 52 81 97 39 82 31 25 86 36 24 49 70 50 38 88 16 61 44 50 44 1 97 86 8 74 61 62 29 69 34 86 98 53 12 5 57 100 38 8 26 5 38 36 32 94 5 48 24 85 75 58 11 78 2 1 23 44 54 75 5 67 
2 2 39 59 93 14 34 39 74 13 53 57 35 25 85 32 48 70 39 64 89 69 19 77 52 1 89 73 20 54 95 96 18 72 51 18 24 93 91 34 15 68 78 51 96 65 62 81 58 6 54 18 44 56 82 17 8 42 31 72 88 96 92 38 58 19 72 34 16 41 78 84 70 28 63 90 14 74 62 56 97 36 64 84 91 96 59 34 25 11 87 52 47 54 36 1 99 62 35 6 
90 50 79 77 77 28 31 2 29 63 24 30 70 57 78 11 19 36 69 95 38 34 20 88 62 98 24 44 16 24 37 92 80 21 56 32 2 2 36 87 36 57 62 63 17 14 36 86 33 94 16 19 83 90 15 95 56 39 82 57 87 83 57 24 51 5 40 51 16 64 31 4 37 35 7 33 7 91 10 40 91 11 20 79 38 31 11 73 69 38 15 25 42 17 95 51 45 75 35 23 
77 55 47 42 37 22 12 58 29 30 11 39 53 9 100 93 2 38 68 7 39 26 2 90 83 73 70 94 29 48 3 79 16 43 6 17 96 7 31 13 0 90 89 60 60 12 49 27 82 84 57 22 0 89 16 53 47 76 47 79 65 81 97 16 28 51 80 51 94 33 81 55 46 16 71 58 18 39 33 20 45 10 64 27 94 6 81 68 31 32 45 67 74 1 8 54 84 3 95 40 
51 6 29 79 80 1 73 95 60 68 86 74 97 4 29 81 31 60 90 82 89 60 56 63 38 22 9 95 3 54 59 56 68 29 35 66 41 95 96 80 14 73 70 15 36 78 24 43 42 99 34 39 16 34 28 5 57 29 8 27 94 99 11 37 48 84 3 37 87 32 19 39 98 70 31 70 42 71 22 86 64 17 35 59 21 96 68 98 97 59 84 62 75 38 96 73 25 100 39 9 
46 51 58 28 31 15 80 52 17 39 87 39 60 42 63 44 69 64 39 11 9 89 80 53 8 7 54 55 3 81 90 28 85 18 15 3 42 42 4 67 12 48 24 9 13 49 28 79 9 5 12 98 90 75 11 33 70 99 68 83 8 91 21 85 4 87 69 31 12 66 25 1 15 59 57 42 16 99 31 45 7 7 82 80 6 44 39 89 35 69 1 64 100 49 90 59 43 44 40 28 
1 46 2 50 59 7 61 97 91 70 33 12 28 0 10 93 82 72 65 94 91 29 94 85 12 21 24 42 39 12 12 90 23 87 75 73 85 84 45 51 24 100 94 97 59 29 79 5 53 34 86 31 83 31 92 57 6 59 60 50 97 74 100 53 17 89 4 7 41 78 56 96 0 44 39 53 31 53 66 20 14 10 49 26 67 97 31 55 96 28 5 84 68 71 68 2 59 82 39 17 
85 60 49 56 76 58 43 55 66 20 69 77 41 27 55 79 75 74 9 69 2 51 61 75 64 7 67 84 75 78 85 26 4 52 61 83 62 67 40 23 23 10 7 9 11 40 9 2 63 31 34 53 9 81 46 92 3 11 34 50 66 64 29 0 95 64 64 24 54 88 72 77 7 95 40 55 5 24 67 22 84 73 91 8 91 42 16 35 42 74 52 3 10 32 80 30 96 58 36 67 
79 45 82 53 9 90 68 86 48 26 80 56 20 99 65 87 71 25 65 78 48 61 85 37 93 94 82 45 52 11 26 83 52 76 37 70 31 93 16 2 100 29 21 76 19 8 13 62 14 69 50 92 8 73 67 89 71 14 95 89 67 45 63 82 71 67 18 100 78 69 31 96 43 35 20 45 25 87 0 31 75 91 83 51 83 81 12 49 40 31 46 43 2 56 55 81 20 65 74 43 
79 20 60 58 54 69 28 70 29 97 68 97 13 96 1 55 5 72 68 55 74 66 76 65 85 93 86 48 78 18 87 90 27 86 53 87 27 6 31 100 19 42 67 25 34 95 50 77 94 62 12 28 82 8 75 25 39 24 52 21 71 72 27 59 53 36 75 79 87 39 100 14 34 73 41 81 98 94 64 57 92 98 97 32 98 89 80 53 17 53 23 20 20 38 93 28 77 38 50 64 
80 10 97 8 4 45 1 31 86 100 54 96 99 11 87 95 70 54 26 27 64 98 40 53 44 11 69 52 82 72 96 54 73 65 17 42 64 3 40 19 7 100 95 62 1 54 92 3 34 87 50 4 17 34 31 93 53 5 72 0 75 20 55 38 23 2 92 92 84 42 79 61 52 19 91 18 83 90 11 66 97 49 61 87 7 8 73 53 21 99 93 97 61 86 22 16 36 62 84 41 
37 46 10 31 18 64 4 54 29 7 53 16 26 21 42 35 41 40 55 83 14 30 12 82 2 16 22 75 9 82 3 11 28 82 19 80 52 3 92 17 99 81 83 11 26 50 59 94 50 25 64 61 71 47 80 10 7 70 77 39 92 28 65 100 100 34 70 95 48 47 81 24 31 75 27 94 89 58 80 48 10 10 71 79 46 98 15 26 51 47 39 66 36 16 29 90 100 55 32 24 
19 95 54 63 21 94 95 94 62 11 53 24 58 95 9 42 75 77 57 95 41 16 72 54 50 87 58 97 34 50 27 80 38 21 75 63 75 48 83 57 72 82 49 67 17 12 30 48 85 70 42 57 87 44 100 55 38 84 78 92 25 99 89 79 57 97 7 27 77 69 63 28 17 41 97 5 50 100 31 10 56 13 44 53 45 74 26 35 96 71 0 67 50 61 67 28 88 87 34 76 
93 51 63 69 43 55 15 73 2 97 86 13 19 55 33 95 50 59 19 73 66 78 24 26 38 94 97 53 25 8 41 53 40 79 50 69 81 32 78 3 40 38 70 68 22 78 42 36 44 10 15 48 17 58 53 26 42 36 96 30 0 84 89 22 49 21 17 71 0 42 99 74 62 2 81 43 62 53 70 64 92 39 58 0 46 60 96 81 77 89 89 3 0 9 100 20 73 46 77 100 
81 82 73 46 16 52 57 48 76 82 43 100 57 87 40 24 71 18 79 42 73 75 84 78 41 22 98 55 16 76 54 41 84 79 35 98 6 28 18 49 17 16 54 34 100 26 99 53 60 80 98 39 7 9 43 5 18 80 69 98 100 66 32 8 42 61 28 25 53 82 12 86 16 96 68 53 40 93 42 27 6 10 5 55 82 14 89 0 71 8 93 17 89 75 91 36 4 27 38 82 
85 36 72 91 53 56 65 86 6 45 97 83 11 26 59 5 69 17 1 45 52 46 32 16 78 75 7 3 60 49 11 78 47 47 97 6 3 85 70 69 44 31 63 38 47 62 57 5 28 72 71 41 92 59 93 51 47 100 32 73 88 8 22 51 45 25 8 24 9 4 93 29 74 78 4 68 85 100 74 30 25 41 11 21 16 97 42 8 31 12 98 40 43 30 19 86 79 14 81 78 
63 52 8 94 96 56 39 100 39 24 93 40 13 64 68 81 13 17 36 23 69 61 85 29 84 52 35 86 18 79 25 41 35 99 18 84 44 43 92 84 83 76 100 55 30 23 12 56 38 44 73 86 31 37 69 99 35 44 93 28 64 44 82 26 71 64 92 70 21 51 85 68 49 17 62 36 77 13 52 50 38 85 61 76 24 84 38 50 75 37 48 79 88 71 59 95 73 49 51 9 
92 49 41 82 93 63 75 55 12 6 7 89 32 63 64 20 21 78 100 27 48 56 43 65 68 35 94 40 92 24 100 5 69 6 21 28 85 77 73 83 82 94 47 58 7 0 86 20 84 92 47 91 26 95 11 48 8 28 96 5 25 44 47 77 60 17 24 67 78 25 43 0 30 12 60 58 97 28 4 31 60 68 11 92 12 54 73 26 46 69 84 56 99 16 39 48 78 95 45 68 
0 95 98 7 22 52 76 0 52 68 53 77 38 6 84 35 33 40 66 36 67 28 7 79 77 50 89 86 100 81 83 10 55 99 47 41 57 47 100 89 88 77 5 8 43 71 44 25 87 29 3 6 94 70 52 41 62 12 51 74 42 82 60 61 13 70 49 12 53 97 42 3 75 11 84 51 97 62 73 69 85 3 100 36 49 82 70 41 11 84 43 81 66 35 84 47 43 52 62 28 
29 92 87 44 32 83 97 80 62 70 65 90 46 49 21 68 14 73 32 69 18 98 87 4 92 31 42 91 40 42 60 20 68 58 48 15 82 35 69 7 96 64 8 25 39 42 53 68 27 8 78 48 73 22 17 18 29 58 6 9 50 47 23 25 96 5 16 75 84 68 1 50 79 46 43 79 24 14 68 30 5 40 43 83 63 69 78 14 43 85 1 93 42 68 69 37 31 92 19 23 
15 9 89 50 18 54 95 6 56 26 38 16 58 33 58 18 5 83 39 64 17 75 5 55 85 66 92 19 14 21 47 63 84 25 5 96 66 78 17 62 87 94 88 88 77 49 95 74 59 34 28 72 55 8 30 94 37 60 96 27 39 29 3 38 48 65 99 66 46 42 77 66 33 70 74 35 50 34 20 50 57 66 14 20 71 82 41 44 37 3 41 81 28 84 19 80 100 85 82 88 
83 94 6 85 43 91 48 8 87 48 2 92 72 51 98 16 81 44 90 22 2 12 68 48 77 47 92 25 40 92 53 63 31 53 55 66 20 94 49 97 23 35 18 81 18 23 94 37 1 38 94 16 90 60 46 5 4 19 0 67 22 25 50 80 56 70 23 40 31 69 48 97 71 53 75 8 40 33 79 97 31 54 90 27 27 98 57 16 19 17 91 29 18 8 4 36 14 20 79 15 
20 62 41 5 95 82 14 6 100 92 41 85 5 62 97 46 52 15 62 13 30 72 24 31 64 17 31 62 26 67 55 77 94 58 13 90 31 20 64 6 48 20 69 65 10 11 22 41 72 78 79 95 15 84 96 75 26 35 54 65 95 51 7 27 24 66 80 81 86 87 97 87 50 48 43 54 91 8 71 94 76 73 55 81 82 39 47 42 59 80 66 100 29 27 4 69 86 34 26 33 
7 43 54 49 56 4 9 73 52 65 61 89 7 68 81 98 58 64 15 95 84 64 20 97 83 69 92 52 73 80 86 92 30 32 62 2 16 90 16 28 17 49 57 10 26 2 68 25 29 67 64 3 11 36 68 37 3 26 58 38 70 5 34 25 28 41 4 92 28 17 68 24 29 14 66 100 46 96 6 59 94 42 24 77 16 0 26 44 63 55 88 0 16 96 98 67 66 96 35 43 
61 25 76 77 100 64 11 51 40 20 42 69 2 78 50 10 88 38 97 64 56 90 84 84 78 46 10 97 21 46 66 51 9 87 75 51 37 9 55 92 27 74 78 60 12 73 22 57 29 94 18 26 24 41 4 95 3 88 100 59 31 59 86 84 82 100 98 100 48 97 7 26 2 27 16 99 47 7 26 0 23 94 55 55 75 45 56 74 23 30 55 26 11 88 89 24 94 64 9 87 
53 52 33 66 33 7 19 55 9 90 13 30 82 89 67 62 13 36 50 77 8 34 38 2 11 55 40 58 29 94 99 23 93 70 1 86 98 43 9 55 7 85 87 82 30 78 100 70 72 72 42 16 13 34 36 5 32 39 23 20 46 53 24 22 64 40 22 90 28 84 98 46 31 77 52 91 11 75 58 22 15 42 1 52 61 1 84 47 4 67 58 94 3 38 37 86 97 84 54 30 
1 14 67 11 69 80 97 6 3 75 8 76 24 17 74 70 17 61 17 42 26 40 81 83 85 69 89 55 74 58 0 15 72 80 22 25 52 38 65 81 6 74 5 54 26 47 73 42 45 29 76 90 85 57 67 69 28 90 24 93 60 59 27 11 81 60 0 2 26 4 67 1 65 55 25 0 50 65 42 99 62 22 32 31 63 79 3 38 90 2 75 13 63 42 60 48 43 94 86 68 
51 0 59 72 43 80 68 77 80 92 89 17 73 10 9 54 25 83 39 3 22 33 28 57 16 86 100 16 68 24 89 92 33 83 7 80 17 44 96 91 47 99 41 69 64 14 78 47 36 17 77 92 24 30 62 56 16 48 97 61 26 84 58 69 34 57 50 68 82 64 65 97 8 11 4 11 65 62 36 33 14 99 61 58 92 78 97 84 49 19 89 40 48 33 94 3 18 80 22 0 
28 22 31 1 64 49 77 23 24 100 29 0 55 14 56 9 94 30 62 7 44 40 78 37 75 95 27 93 79 30 27 84 80 18 57 57 52 28 24 8 22 13 8 2 91 21 3 47 2 51 99 36 88 0 18 2 11 55 43 14 7 82 46 69 83 52 28 46 32 3 53 1 88 100 33 2 50 88 25 16 62 79 80 20 86 14 74 89 6 42 83 84 31 41 87 83 6 28 12 27 
65 3 12 2 22 76 27 73 61 22 97 10 54 13 36 78 74 10 8 60 93 63 25 53 92 99 40 95 2 10 55 78 37 56 60 11 36 59 70 32 100 30 61 16 21 19 0 79 55 6 85 98 99 85 23 68 4 65 89 100 27 75 53 90 48 43 40 15 37 69 86 69 84 30 86 37 67 83 14 76 10 65 19 17 32 46 0 19 53 94 33 40 22 84 54 18 52 24 45 5 
17 55 14 5 38 100 67 42 13 59 22 30 19 38 32 96 17 43 42 40 97 17 42 33 91 85 94 92 96 7 60 93 63 37 38 96 65 38 88 16 45 59 10 64 63 22 70 100 93 89 67 45 88 1 74 37 38 56 100 97 67 18 25 63 63 76 72 92 17 57 54 46 80 52 86 37 24 8 65 4 57 81 68 84 13 64 70 27 88 52 45 18 18 25 14 31 2 66 53 91 
48 88 79 12 41 66 71 80 47 21 95 99 17 4 10 57 69 64 9 87 59 13 59 89 1 9 71 17 17 12 6 32 47 36 63 36 44 1 15 39 52 46 99 94 31 73 8 83 16 45 32 48 41 84 8 73 0 50 77 85 53 65 30 44 65 15 19 41 60 7 27 56 10 25 64 83 26 47 35 44 16 1 35 5 82 38 64 6 77 10 32 29 94 94 26 20 97 67 10 17 
59 35 85 10 93 56 81 17 75 78 15 0 27 24 7 35 37 81 8 5 72 65 85 69 28 86 13 91 20 93 38 41 92 67 60 26 97 27 32 39 30 76 39 12 76 46 57 78 39 67 80 31 27 15 74 22 15 65 48 28 33 8 65 51 62 3 29 33 5 20 38 16 5 72 70 63 33 57 0 44 70 24 72 87 28 43 95 56 76 42 88 41 34 66 54 27 76 72 54 5 
48 31 42 75 66 19 51 69 85 67 3 7 45 14 28 11 68 74 27 36 59 38 92 16 38 62 30 99 49 92 28 28 62 22 11 26 41 82 99 9 50 38 13 14 56 74 16 88 1 55 45 98 18 84 97 75 27 25 89 74 50 44 5 72 60 2 32 56 47 38 73 68 48 48 13 7 59 66 56 13 100 69 48 9 47 84 56 100 11 22 99 71 75 54 31 94 2 24 94 54 
63 79 71 46 27 66 37 79 59 4 94 94 22 8 96 15 97 74 94 7 89 61 39 93 75 25 79 14 18 43 26 6 31 46 81 4 36 98 95 89 90 31 28 43 10 31 14 70 73 63 62 76 45 81 53 50 8 70 58 0 99 60 76 41 0 41 13 81 1 79 8 79 45 88 95 13 71 62 4 23 0 83 46 71 45 75 12 91 42 29 36 89 79 50 25 83 73 39 54 66 
9 49 85 52 7 81 36 62 34 16 30 65 64 100 26 11 6 64 50 94 36 13 86 61 5 53 81 60 83 50 88 0 22 74 83 89 29 42 79 77 9 8 27 87 31 73 20 31 94 24 47 34 91 92 42 24 76 99 37 95 3 85 100 62 83 6 36 87 99 72 92 100 81 43 32 73 90 89 75 75 41 35 69 65 53 41 76 75 17 74 42 45 91 67 12 83 95 87 16 55 
85 25 36 64 97 87 48 21 70 36 59 88 43 55 51 98 85 74 52 47 58 2 28 24 60 43 29 70 24 95 99 16 39 71 7 85 92 97 7 45 90 59 18 62 29 67 41 74 53 59 78 70 43 96 54 100 97 80 14 39 22 17 0 96 19 74 72 100 78 47 22 16 3 28 42 30 93 89 42 44 38 78 89 25 93 35 44 77 39 13 71 74 17 63 73 66 49 45 84 11 
16 90 89 22 75 48 100 30 27 26 4 77 52 91 49 40 93 70 56 23 47 78 40 92 88 57 82 33 5 40 29 73 87 31 90 71 81 8 96 46 1 92 73 49 55 22 22 57 85 23 2 34 9 63 84 64 66 36 34 26 35 51 64 72 27 2 87 14 87 6 87 54 63 61 74 97 44 73 61 71 49 40 11 78 26 26 47 28 27 4 17 27 60 46 14 31 87 33 82 34 
19 78 2 77 38 51 49 30 78 99 3 97 30 43 74 13 48 11 69 27 73 69 32 20 51 45 4 29 81 18 18 32 43 38 64 71 41 18 59 3 59 27 55 15 32 84 51 100 15 41 56 96 24 55 39 55 14 4 3 75 95 26 22 49 95 67 76 29 36 83 26 52 8 3 7 91 35 25 68 89 37 46 83 31 46 46 1 17 62 57 3 94 1 67 41 40 46 46 41 83 
76 97 90 41 70 62 82 49 83 98 2 18 38 80 23 1 10 30 71 68 78 46 41 86 30 76 43 59 69 22 54 34 34 19 10 78 89 24 58 69 26 10 84 52 20 91 74 21 52 8 54 42 13 6 1 40 4 5 100 99 41 82 95 2 50 60 67 5 20 38 52 59 61 59 53 67 81 36 1 80 49 9 42 11 100 35 21 87 46 27 0 10 53 100 20 92 54 58 12 37 
81 98 7 49 1 70 6 45 8 15 84 93 9 79 6 13 48 54 77 26 33 12 54 68 20 92 86 45 33 22 27 1 40 19 25 47 68 5 94 41 40 96 81 23 93 33 17 15 9 20 65 46 63 48 54 61 63 0 49 23 96 92 27 54 79 32 75 67 41 36 81 29 97 25 80 92 45 10 80 100 48 51 73 39 17 64 99 8 71 70 64 96 37 2 5 67 30 100 28 51 
80 100 86 86 90 88 21 66 97 73 30 75 77 4 58 11 24 56 79 78 50 80 41 18 25 100 58 24 57 97 88 20 17 50 88 21 14 73 84 65 25 63 57 36 90 89 68 65 9 28 91 46 51 65 53 85 56 59 16 26 55 98 21 34 80 66 73 84 57 47 42 2 83 26 28 75 88 28 92 76 79 7 2 59 23 59 71 95 55 15 98 74 33 60 72 66 53 74 95 25 
20 100 91 20 34 58 90 85 24 11 78 47 42 92 44 43 2 39 49 47 55 19 41 81 85 90 38 23 7 71 49 2 47 81 97 0 50 70 71 2 78 52 74 50 39 78 44 96 54 12 36 88 52 51 24 35 55 42 24 63 82 43 84 85 18 88 96 92 24 12 59 82 29 30 6 8 49 23 34 2 70 6 12 38 17 24 42 22 85 18 8 9 97 64 27 26 47 61 39 73 
84 88 34 22 14 60 40 69 86 35 41 38 26 31 83 10 15 31 99 16 12 7 90 74 91 84 10 3 96 70 68 77 28 49 61 21 28 98 84 89 23 26 10 68 39 43 22 4 54 85 76 65 22 40 44 89 53 73 19 39 42 21 72 75 42 27 88 49 53 68 41 45 41 92 60 75 51 21 25 30 72 13 9 50 2 26 3 5 39 82 75 91 37 87 30 65 46 4 1 53 
61 20 62 42 15 39 36 97 81 90 72 26 78 55 73 10 83 43 18 22 36 79 42 21 84 29 10 57 78 20 28 2 30 33 14 7 77 81 24 97 84 28 96 70 19 15 68 34 43 28 76 38 34 47 57 15 36 7 25 59 58 2 39 27 39 48 83 35 36 52 100 83 16 25 55 83 22 73 12 11 80 54 59 83 36 64 24 33 11 50 1 77 87 89 81 96 3 63 6 93 
80 40 66 39 43 74 4 28 85 59 89 74 80 52 24 86 79 27 30 56 81 4 80 84 21 57 6 87 21 81 85 70 11 14 78 38 82 54 2 53 100 93 88 66 16 6 26 57 3 79 13 75 5 66 5 49 25 83 26 42 58 93 28 68 43 73 49 28 9 59 74 76 46 35 69 21 27 75 100 13 26 53 55 88 9 31 4 26 38 81 60 36 55 89 1 96 5 43 26 17 
33 29 88 51 52 40 88 36 14 64 1 70 46 78 36 61 21 67 68 51 17 49 25 26 16 73 24 36 19 53 54 21 53 65 86 79 41 65 59 42 74 84 18 32 58 15 23 57 53 53 18 23 2 75 83 92 41 61 70 36 35 99 43 91 14 50 69 89 20 80 85 21 27 99 53 76 23 28 34 38 27 95 65 98 2 81 8 5 85 40 40 4 55 93 75 65 37 46 0 38 
27 41 59 66 2 95 67 90 68 33 1 61 79 53 81 46 39 37 40 64 56 65 62 34 12 14 18 54 37 6 10 28 92 63 60 30 1 16 44 63 55 12 78 62 53 22 55 71 69 97 28 85 64 80 63 78 45 14 25 90 15 55 96 73 25 51 52 63 5 23 63 70 9 31 62 72 86 82 99 14 74 17 51 0 54 88 95 10 43 78 28 77 97 75 48 68 3 91 30 58 
24 34 93 7 40 16 2 38 96 29 81 68 58 19 29 68 49 79 71 53 32 95 0 14 42 28 79 69 50 19 24 95 67 57 91 75 79 85 23 55 62 42 84 71 67 91 9 29 5 11 98 46 32 6 61 94 27 94 73 32 19 22 29 66 27 11 94 80 6 51 33 93 96 89 91 67 76 68 91 38 75 70 91 7 96 82 10 64 5 59 18 19 80 83 45 53 41 31 96 71 
36 6 54 16 56 44 46 22 14 85 42 60 57 40 20 80 6 19 63 100 62 50 46 52 12 29 47 81 87 22 93 100 82 85 63 91 29 83 32 83 53 0 41 100 13 100 55 42 16 29 11 36 42 66 66 41 89 79 94 3 76 54 12 95 26 82 26 84 70 77 61 44 28 94 31 8 33 36 15 63 97 93 48 70 91 54 25 93 49 4 93 18 55 24 64 49 17 81 13 65 
44 51 58 46 77 58 7 11 58 83 38 69 70 53 25 74 2 84 14 65 98 57 69 77 99 34 76 95 29 57 95 89 36 59 36 64 19 62 41 79 69 31 52 77 51 98 20 16 47 82 4 67 21 90 64 95 13 62 66 54 90 31 11 49 52 48 49 32 96 3 14 82 44 99 17 80 17 93 62 5 97 79 89 51 38 23 74 62 27 32 75 96 35 2 5 96 30 58 36 1 
11 38 18 82 14 35 11 70 63 47 41 28 99 61 65 65 27 81 54 23 54 73 14 36 22 54 77 95 71 98 97 9 8 59 63 46 61 79 9 63 63 72 1 46 10 77 35 34 95 72 28 27 43 65 72 69 30 82 49 3 10 2 57 7 99 3 46 7 70 0 100 29 96 5 8 87 24 41 41 20 6 7 23 25 35 98 21 23 4 43 8 79 21 68 23 79 78 14 72 30 
40 70 6 33 39 45 74 41 77 6 6 8 7 44 66 82 58 46 18 85 91 3 69 59 65 17 53 89 71 54 93 68 69 52 27 43 16 44 11 35 38 46 49 51 46 30 54 69 7 77 72 79 96 100 80 75 91 86 60 49 85 44 6 97 64 59 46 1 34 44 77 6 80 81 94 74 79 32 88 56 56 33 76 18 72 38 19 78 62 68 37 44 83 44 21 72 20 83 17 66 
42 100 34 82 62 23 48 7 83 2 56 56 15 43 80 45 28 55 15 23 64 82 75 45 28 0 91 55 100 14 31 40 37 68 84 14 81 98 84 93 97 3 37 14 99 53 59 14 4 5 63 92 5 48 2 19 23 45 99 82 91 7 13 6 53 92 57 30 14 62 48 24 55 68 46 68 27 84 0 59 10 19 51 29 43 99 54 25 56 62 22 2 49 59 66 85 14 41 14 37 
87 57 79 53 38 83 38 30 79 68 6 29 91 11 8 28 89 66 73 8 47 52 56 77 73 73 98 54 22 43 18 48 58 74 99 34 2 25 74 30 33 71 54 78 61 91 78 98 72 49 72 31 74 3 93 14 7 24 45 24 43 92 93 50 8 4 96 33 2 15 67 64 0 64 12 5 68 82 42 75 52 21 53 83 50 41 95 17 13 72 59 33 44 90 27 75 76 3 98 89 
61 28 32 4 77 64 27 49 35 30 87 55 66 22 38 90 10 65 82 37 5 100 18 18 83 100 40 58 8 84 94 77 8 71 32 98 6 97 83 14 86 77 95 86 17 22 18 14 28 41 65 57 87 6 13 7 64 15 7 52 99 93 66 12 94 64 29 10 54 52 27 6 93 21 22 60 70 28 55 19 42 42 83 23 27 99 35 83 27 79 81 79 97 28 58 1 32 42 92 54 
79 33 95 14 46 76 61 12 10 100 50 32 63 63 9 27 67 4 69 28 61 100 100 14 44 5 47 7 6 17 16 80 25 69 66 90 90 81 55 13 76 96 29 40 59 97 82 3 51 57 9 95 32 43 94 7 31 16 87 82 94 5 43 86 10 20 37 19 7 9 32 2 94 93 12 34 46 6 98 41 83 67 18 27 80 44 30 77 42 22 61 88 84 20 100 23 96 28 58 40 
95 62 100 67 88 52 54 38 52 15 33 72 77 17 100 4 70 83 32 77 70 90 6 75 39 16 19 90 18 67 15 56 71 15 68 52 27 53 8 91 81 17 86 67 91 34 96 67 69 31 81 97 73 8 29 39 10 7 86 79 63 28 5 24 82 35 9 99 46 1 59 8 98 5 68 22 66 55 95 92 30 62 94 75 84 52 88 64 21 60 28 5 34 26 47 80 35 84 56 2 
20 77 78 73 23 44 48 21 88 69 97 2 53 39 84 13 81 82 4 87 1 36 89 48 59 86 28 93 45 80 52 38 90 15 52 76 60 35 26 87 69 54 95 64 28 35 98 50 71 91 43 56 85 62 27 17 35 56 14 5 7 63 67 97 28 98 10 90 4 1 16 25 20 31 94 94 59 71 71 39 70 10 8 55 17 32 88 61 100 77 12 48 50 54 48 2 18 97 1 0 
7 70 27 3 1 74 91 93 27 22 8 0 47 87 89 76 83 14 50 94 46 9 30 49 14 24 37 47 28 4 99 41 67 92 24 21 60 87 46 91 92 92 3 47 19 70 81 30 98 11 30 70 7 59 20 30 21 77 45 14 85 53 67 78 21 0 45 49 26 31 75 73 21 33 100 37 68 35 11 51 66 60 9 21 89 79 28 78 52 58 48 70 22 31 88 77 55 9 52 74 
52 47 53 12 83 80 95 61 56 86 90 55 17 31 41 71 1 7 79 92 6 5 95 95 10 59 99 86 63 19 8 99 49 47 79 34 39 59 4 72 96 95 64 1 21 14 51 77 62 1 26 90 88 57 71 42 23 62 64 7 29 20 94 35 49 65 30 79 24 39 23 11 53 97 58 100 99 44 99 26 0 15 84 38 19 41 64 38 40 60 98 27 15 1 76 52 56 26 48 6 
9 61 58 70 61 77 54 98 26 74 75 33 13 91 4 39 25 25 71 54 31 83 1 45 93 14 41 79 72 55 24 43 48 13 9 85 73 95 38 10 26 2 76 14 94 95 0 16 97 25 52 95 86 69 20 24 8 61 45 53 85 65 47 71 66 39 33 51 58 22 39 77 75 59 41 5 41 34 48 42 21 67 25 63 48 5 14 34 54 18 11 55 38 11 59 81 2 23 41 39 
69 44 9 73 56 46 55 82 37 22 78 3 98 72 41 49 27 38 52 14 68 79 75 96 7 89 7 34 87 15 1 17 16 25 59 11 85 20 21 38 34 23 69 69 8 29 60 63 39 93 22 7 2 46 74 12 25 17 80 49 20 37 84 96 32 98 32 9 52 76 91 51 93 10 13 4 71 37 31 73 18 34 54 60 49 5 70 81 75 87 62 71 81 69 41 25 12 71 85 18 
16 63 67 23 67 59 63 9 39 84 15 49 41 6 50 15 22 23 43 66 90 4 71 59 53 40 86 1 17 19 80 38 10 43 2 62 43 4 73 56 23 3 91 47 22 22 5 19 68 37 80 88 75 92 46 16 52 23 40 7 18 73 37 13 36 9 79 33 42 20 20 3 82 35 9 24 42 78 55 81 27 62 16 93 16 90 35 32 52 6 44 23 2 61 74 70 42 96 95 22 
56 73 0 0 1 87 30 59 91 47 81 90 84 51 84 94 92 53 40 46 61 71 66 99 71 75 34 68 88 59 79 78 91 1 65 13 48 91 47 50 39 4 93 30 44 5 28 56 92 35 12 94 42 58 30 87 12 51 18 13 67 6 6 13 23 54 0 61 62 80 65 82 34 12 77 31 37 56 5 100 1 0 36 35 73 40 91 22 74 63 43 97 62 40 87 20 30 7 38 85 
15 30 21 53 79 73 0 99 31 91 24 30 77 5 95 57 35 2 38 4 0 59 19 0 34 35 11 88 2 55 69 92 100 21 91 0 37 62 39 79 78 83 88 5 58 79 86 1 32 40 14 47 59 63 68 16 29 82 31 77 59 93 51 23 92 91 98 69 85 57 63 23 69 35 42 51 4 15 28 30 9 84 81 85 16 78 34 0 44 2 35 99 98 96 85 84 89 27 54 50 
20 98 78 58 64 13 56 47 56 78 71 62 61 5 51 53 80 71 53 75 93 74 94 99 42 32 73 24 98 61 58 45 50 81 49 91 38 9 23 16 72 98 23 4 13 51 46 100 98 42 4 65 46 56 29 38 79 18 99 54 70 83 65 50 5 56 22 100 82 9 72 82 77 90 22 87 37 47 68 83 83 61 72 27 12 56 44 41 94 64 96 54 48 18 32 38 29 16 55 78 
59 62 97 79 29 55 13 75 99 7 75 58 10 94 26 68 99 57 14 59 38 88 97 65 27 0 1 91 90 3 20 97 24 23 46 98 85 30 89 78 51 67 83 68 67 8 38 40 56 26 73 7 4 45 39 45 77 71 78 75 68 48 13 97 48 23 26 99 27 97 10 83 74 14 1 41 81 16 70 17 88 11 15 66 27 21 75 70 13 93 48 26 6 58 61 87 92 1 66 84 
12 95 26 29 22 73 97 45 51 11 26 63 75 79 55 96 47 3 49 53 55 79 99 82 20 5 66 59 42 8 47 66 76 24 76 54 77 48 92 55 10 81 46 89 54 14 74 41 12 85 25 11 22 81 96 63 59 14 28 13 98 39 21 77 58 0 83 39 51 2 14 76 3 70 44 67 53 11 11 88 36 74 53 51 72 96 17 51 10 7 86 3 59 97 88 47 34 22 3 11 
10 49 67 44 42 6 34 35 9 47 100 21 24 0 52 14 58 91 68 38 62 47 63 100 68 85 53 27 60 74 85 28 12 10 62 25 72 22 11 66 7 60 52 51 12 37 1 13 6 23 33 75 39 82 43 90 2 30 69 83 65 75 63 83 12 44 43 50 28 79 22 4 88 53 65 65 44 89 96 6 75 23 6 81 8 94 59 33 26 99 20 79 23 17 20 30 30 60 74 74 
85 11 39 83 94 34 59 34 73 28 83 86 63 98 57 35 30 34 43 66 88 94 23 97 55 49 20 67 39 43 93 100 2 29 70 86 82 80 40 89 65 17 46 65 17 29 83 43 24 11 53 29 31 76 45 41 64 76 33 11 18 77 26 52 87 39 26 0 75 59 10 22 56 43 50 7 79 97 95 31 96 40 96 26 87 62 28 51 82 64 47 37 25 89 91 23 30 1 48 86 
97 99 61 46 14 49 42 35 40 84 10 33 32 34 36 95 75 16 77 63 6 37 71 0 9 100 5 59 36 97 56 0 72 67 45 37 93 61 7 15 42 62 21 4 61 12 81 29 56 53 39 20 19 18 64 24 41 9 14 12 50 83 84 26 68 90 89 52 56 18 71 11 15 3 84 11 25 80 53 93 15 82 91 80 74 14 94 68 98 33 13 92 52 24 98 21 50 83 99 4 
89 99 46 34 20 5 72 76 55 41 41 21 48 8 65 14 9 33 55 10 99 73 10 26 44 74 84 38 78 46 92 99 54 62 97 64 11 92 42 10 65 24 17 51 46 0 65 31 12 75 97 49 13 76 42 16 82 39 3 18 34 50 89 58 85 34 89 76 82 16 34 79 18 73 21 59 51 73 8 72 58 37 92 43 91 20 70 52 52 40 22 49 90 73 20 46 36 70 50 27 
19 31 22 38 52 33 32 25 44 99 92 1 35 76 28 86 77 29 88 75 76 89 92 70 83 52 30 44 90 41 55 14 63 62 30 29 29 64 37 22 55 43 56 90 19 59 47 24 55 32 44 50 38 92 12 60 48 55 0 10 77 28 69 62 69 38 54 29 85 16 6 42 28 90 77 91 68 29 87 98 73 87 74 96 14 9 52 4 75 27 9 37 45 92 2 53 58 17 24 58 
82 80 97 100 69 86 100 10 90 47 22 15 1 63 94 79 23 32 59 17 95 11 20 78 71 67 47 23 67 12 51 41 64 19 50 33 99 89 26 39 19 85 63 91 49 48 85 100 15 94 95 10 28 54 39 99 49 7 0 7 81 86 13 63 33 65 82 39 42 74 76 9 16 89 100 36 71 26 92 18 33 66 60 77 79 88 17 87 21 67 72 49 2 79 3 46 70 65 85 87 
74 65 69 64 85 0 14 87 80 66 73 41 56 63 23 7 1 29 95 40 12 85 43 73 18 66 98 20 44 60 93 15 17 24 89 92 84 61 2 21 98 77 9 15 46 61 56 73 64 85 31 81 20 22 55 67 18 77 23 0 31 2 18 60 10 98 9 95 43 50 25 11 9 25 27 56 77 90 34 53 3 62 56 23 69 28 62 96 42 36 87 89 88 27 94 40 72 89 35 34 
87 29 0 82 89 46 37 71 58 47 98 11 67 60 70 21 42 50 93 9 99 82 35 86 96 52 42 94 69 87 4 33 99 3 19 23 13 64 37 25 74 72 34 44 88 64 89 96 3 99 83 44 86 57 76 63 45 20 92 31 98 90 48 3 44 3 92 67 39 96 51 34 83 20 36 6 89 7 75 61 30 47 74 35 14 77 26 98 65 99 3 100 76 96 77 70 95 6 4 72 
46 92 14 7 79 35 79 17 68 1 91 39 1 62 94 18 56 73 74 55 83 57 0 17 45 31 35 90 73 79 45 27 52 67 46 55 51 67 32 32 23 62 67 84 48 74 9 68 55 83 29 59 89 83 3 84 72 34 38 69 23 60 48 28 36 74 37 42 54 4 59 42 22 25 17 72 75 94 47 52 75 35 58 16 5 47 68 95 38 80 24 29 63 46 53 24 40 84 70 85 
32 89 64 45 45 1 77 19 16 16 68 57 51 83 52 71 25 100 86 85 83 60 6 54 100 46 0 6 29 33 60 7 95 38 3 42 63 31 84 33 65 52 39 4 71 50 76 36 62 85 55 70 0 24 24 18 52 97 12 9 31 52 4 63 78 16 32 90 6 41 23 65 99 65 75 50 79 36 1 89 94 84 95 24 68 28 55 65 18 93 13 34 26 88 33 42 40 100 94 3 
93 41 39 11 33 93 34 88 65 91 41 45 10 32 55 41 32 55 35 8 5 0 6 38 62 84 24 28 66 23 65 85 39 41 91 64 34 29 22 41 71 40 67 38 3 61 89 87 39 72 95 71 62 31 7 98 96 60 11 36 50 36 49 14 37 80 81 96 76 5 99 51 36 37 65 0 65 70 59 38 83 76 95 68 37 60 14 28 74 81 87 49 38 81 60 3 73 83 13 62 
44 65 34 94 88 51 11 26 60 82 81 86 28 42 88 64 80 45 40 38 47 70 49 23 68 53 41 17 41 29 9 96 46 84 10 81 74 40 81 68 54 98 69 44 6 85 0 15 50 14 38 13 76 66 19 49 72 35 35 21 29 86 91 4 59 97 21 93 66 41 86 83 16 90 33 53 37 66 46 94 90 69 12 38 11 85 10 46 44 43 13 73 13 53 15 91 91 18 53 17 
4 13 90 63 91 7 97 91 45 17 56 40 65 41 52 66 47 88 35 29 87 10 45 49 90 22 96 91 10 70 94 9 10 38 87 9 25 25 24 78 44 76 97 39 63 82 67 59 61 59 41 7 38 7 41 17 100 77 16 32 47 75 1 76 2 57 97 42 36 76 8 57 6 54 68 16 100 27 52 83 49 58 25 76 87 18 60 73 75 17 73 93 24 54 41 35 73 16 10 5 
4 16 13 61 51 10 98 71 37 12 38 94 87 75 44 1 31 80 10 84 65 53 32 37 46 67 83 15 71 27 47 26 98 92 39 59 60 52 71 15 74 54 72 76 84 46 13 64 18 96 17 22 14 3 17 44 51 35 9 76 77 75 23 41 68 97 20 5 24 45 80 31 56 10 12 91 12 97 99 97 3 63 0 47 64 54 24 1 94 16 1 7 30 35 57 59 13 28 44 77 
13 89 100 97 79 78 75 4 93 68 26 64 10 38 99 28 22 73 44 38 66 70 48 33 87 75 17 63 8 0 30 43 16 25 8 2 41 0 15 84 91 65 98 64 13 16 70 93 32 31 60 60 26 2 13 34 2 17 60 28 53 77 96 94 31 0 55 77 10 78 89 93 32 44 27 32 82 6 10 44 15 56 75 95 51 58 57 45 68 33 45 37 5 96 6 64 73 49 87 99 
14 1 65 40 68 63 65 45 76 64 54 72 54 59 3 89 45 26 81 93 15 30 3 6 87 52 79 34 59 42 0 3 42 93 89 5 16 38 46 82 78 27 23 92 60 3 83 31 27 24 49 88 28 1 82 40 47 73 64 26 65 57 3 49 7 90 46 16 27 88 83 32 74 15 78 17 13 25 65 66 59 42 1 87 7 76 26 34 42 56 39 86 61 3 77 59 95 64 78 47 
29 31 69 50 51 94 83 65 40 51 23 34 95 51 65 95 35 17 88 88 57 50 81 57 72 2 23 93 81 65 2 64 22 69 92 16 69 88 93 48 24 93 88 8 70 8 42 33 98 79 45 39 84 39 97 84 43 17 56 27 14 4 52 96 61 16 13 8 18 85 21 89 48 91 90 30 17 83 5 99 51 9 85 66 76 29 13 89 97 28 13 5 62 75 21 13 27 47 36 51 
100 87 13 66 8 27 66 56 37 69 51 96 73 93 5 78 80 82 8 79 95 53 59 42 95 54 55 99 69 4 35 98 10 57 35 94 33 29 20 25 35 40 95 65 52 6 71 45 72 9 77 16 15 87 7 12 80 64 83 43 48 82 62 96 98 59 69 50 18 47 37 82 22 75 34 76 75 39 49 21 96 96 5 41 76 66 84 40 63 28 39 59 75 97 84 61 99 21 87 65 
91 2 100 57 69 19 69 63 70 0 16 15 11 14 27 59 38 13 25 57 49 21 82 22 55 83 86 1 92 67 91 6 84 5 21 71 20 87 51 45 17 27 54 36 64 28 43 42 15 83 47 34 97 10 21 88 68 74 36 48 87 34 31 26 38 76 48 57 40 75 81 84 30 21 19 4 21 93 77 9 88 3 73 41 58 31 6 14 39 94 19 24 59 97 31 94 21 66 79 0 
41 4 69 53 72 0 15 92 49 77 9 38 94 52 4 44 70 60 92 8 85 41 74 19 93 3 38 24 41 62 49 91 87 79 12 31 50 9 28 77 93 85 59 4 94 69 57 71 17 25 55 95 57 75 6 83 48 16 65 48 93 14 55 48 62 4 12 71 17 53 16 16 2 86 17 39 27 4 47 31 41 55 54 3 64 75 31 41 57 39 32 28 68 51 35 16 92 85 7 63 
68 58 39 50 3 59 65 8 20 40 8 4 9 0 100 82 61 81 50 44 52 62 32 81 18 81 65 90 46 7 74 24 89 73 16 22 58 86 63 75 41 14 2 78 74 66 69 1 20 39 62 86 14 94 98 95 40 28 43 28 96 25 47 15 96 82 13 2 59 29 100 71 7 84 13 0 41 86 63 58 2 17 67 41 44 20 84 1 81 64 97 17 18 47 17 85 20 82 27 57 
85 59 97 24 32 84 62 71 80 99 39 8 10 46 31 96 84 84 13 78 71 91 84 30 1 0 25 35 17 69 3 9 50 69 19 88 27 74 63 41 16 22 90 66 27 58 74 97 87 82 79 26 52 46 34 79 78 80 73 84 58 25 80 67 79 43 26 22 86 26 10 56 100 62 7 77 4 45 61 29 63 94 25 64 76 46 23 47 8 77 73 46 6 54 49 26 78 48 27 18 
45 5 33 8 13 85 30 56 24 86 41 42 75 51 5 92 77 11 61 1 96 93 56 81 97 89 19 31 84 79 57 60 30 19 18 53 14 18 71 95 22 68 57 94 51 79 38 14 63 62 38 16 56 38 86 16 5 97 13 34 80 54 5 93 97 9 36 64 86 28 79 8 44 43 18 69 29 98 72 31 93 24 20 99 0 92 27 77 94 16 9 7 10 19 13 46 100 21 69 30 
90 53 4 1 3 70 50 53 29 74 22 22 19 91 54 36 40 42 66 100 16 44 27 67 29 52 19 40 40 5 92 0 83 27 79 98 45 0 54 42 56 45 40 67 74 67 46 41 89 94 31 78 85 60 53 59 13 31 92 97 91 22 38 36 97 16 8 74 85 46 17 12 22 38 77 0 60 22 10 72 26 37 35 63 42 45 93 6 25 38 91 10 5 7 21 44 3 92 43 66 
40 9 38 82 30 72 10 25 52 4 88 62 69 4 1 82 47 94 71 74 100 69 39 49 63 16 46 32 51 24 13 53 87 15 52 60 76 60 94 52 97 95 31 96 16 58 12 74 90 95 70 8 95 80 70 72 75 69 78 97 93 77 92 96 91 52 40 81 23 24 95 94 86 51 11 28 12 32 35 88 69 6 44 49 45 79 45 99 9 3 67 63 39 71 83 1 64 31 51 38 
21 49 83 44 56 97 74 44 64 41 44 12 2 95 66 88 61 16 28 13 45 96 89 23 63 52 86 51 48 88 32 38 21 25 37 50 62 83 58 72 21 37 83 90 70 52 54 34 44 62 9 7 50 18 65 84 5 40 91 21 86 31 47 21 51 51 19 1 48 85 69 47 12 49 29 82 41 69 48 64 60 46 95 99 61 37 18 64 93 62 14 96 41 53 42 13 48 92 17 29 
24 67 11 62 32 51 8 41 39 69 36 77 19 15 31 52 38 98 40 50 97 90 13 90 27 27 81 0 40 4 13 1 89 80 92 82 21 0 84 25 1 62 46 48 43 100 67 47 67 24 47 26 26 35 92 76 36 90 90 60 61 26 23 3 55 32 77 12 23 74 65 57 57 32 74 46 42 9 1 61 86 0 34 7 74 36 38 68 25 78 40 91 90 31 88 20 61 40 25 61 
