74 36 88 62 68 54 10 47 22 11 23 28 74 20 77 13 0 11 89 3 27 60 8 99 61 11 83 68 43 85 63 70 62 87 86 67 54 37 0 32 43 85 42 2 38 42 22 100 41 67 44 95 75 77 33 55 26 71 68 4 6 21 79 65 57 68 90 63 40 67 13 27 81 100 11 18 20 89 5 80 43 19 60 33 40 15 11 90 78 81 29 69 79 58 44 7 74 48 9 42 
100 54 84 3 32 88 78 52 83 74 78 36 29 27 45 86 35 14 44 93 5 15 22 82 53 82 64 38 69 64 91 63 5 10 43 66 40 52 76 98 66 94 43 99 57 65 18 37 23 90 45 76 83 78 91 17 43 66 69 51 24 52 92 45 87 24 18 97 46 8 97 88 89 15 15 72 37 87 54 38 67 25 24 21 73 100 34 15 12 16 13 93 65 65 78 33 78 33 92 2 
89 33 16 20 97 51 78 5 83 54 98 33 55 60 87 5 62 70 28 30 97 73 82 59 38 72 80 20 48 20 81 78 81 98 75 29 52 75 80 62 62 52 44 77 88 88 67 65 57 87 83 86 17 27 2 19 45 96 15 52 8 97 37 5 76 100 65 76 6 7 28 44 69 9 88 51 48 26 78 42 73 20 24 46 45 34 92 24 8 49 61 38 77 58 57 35 61 28 28 74 
19 17 94 60 99 49 33 16 12 47 33 20 9 18 3 62 47 26 64 6 49 44 67 73 22 17 62 32 11 7 18 77 50 13 45 69 26 86 3 73 18 88 2 85 42 65 53 51 85 1 44 85 4 19 20 85 11 67 71 63 46 72 55 19 13 62 54 81 77 68 88 83 85 75 88 33 51 15 19 98 6 13 40 75 33 74 48 70 83 99 18 96 0 6 63 64 30 51 37 89 
80 27 79 34 33 51 83 20 39 70 67 53 19 21 15 44 62 60 56 41 1 95 38 96 52 43 27 4 98 51 20 67 17 51 39 51 37 66 64 31 100 99 13 73 30 19 11 34 42 42 92 2 42 25 83 14 38 76 83 33 33 78 72 63 46 75 50 97 86 14 63 37 95 6 95 38 15 58 27 60 97 49 29 46 29 69 31 97 42 13 61 15 100 26 54 85 50 51 21 47 
27 41 100 1 79 48 12 59 42 48 20 98 20 3 73 30 64 54 1 22 42 34 66 82 42 81 22 17 21 87 53 51 21 21 45 79 9 4 19 89 24 20 57 63 33 12 86 6 71 6 45 75 24 79 86 83 29 81 72 36 10 43 84 16 54 41 37 35 12 36 52 60 69 0 74 5 40 25 29 84 95 38 96 91 73 65 35 35 24 69 90 80 73 46 18 12 1 45 46 43 
11 39 54 4 25 15 66 30 13 25 82 72 48 18 88 89 88 42 75 63 56 30 71 22 65 95 83 53 99 88 31 56 49 42 12 43 8 30 92 72 96 45 12 9 17 29 85 78 74 74 0 56 85 11 80 88 97 32 1 39 53 83 81 85 34 90 38 45 64 16 0 73 63 15 3 40 73 44 3 30 0 55 12 27 55 81 54 36 25 0 93 76 0 63 45 22 7 44 87 1 
62 91 76 51 57 59 71 94 11 83 77 18 26 25 19 21 13 76 16 24 11 71 62 67 57 27 77 9 50 93 60 39 38 47 20 43 72 36 61 12 19 11 54 42 29 55 15 100 22 30 15 32 25 25 56 87 26 27 77 51 33 87 56 11 12 18 95 60 58 10 11 96 84 3 63 100 81 29 7 62 57 14 45 29 96 62 68 85 93 68 89 18 16 25 94 70 18 31 51 84 
93 92 39 24 91 76 38 46 20 16 47 21 2 45 12 4 59 65 83 40 41 73 33 18 35 65 28 73 46 75 82 100 23 63 59 17 31 51 16 84 71 3 64 55 59 21 57 49 34 41 51 54 29 85 0 18 36 42 32 36 45 55 93 49 63 79 26 49 51 1 81 9 76 23 49 26 61 2 55 98 79 5 65 32 3 99 42 39 1 73 12 14 74 91 94 90 53 92 39 20 
50 27 97 59 83 77 87 89 93 68 78 34 77 5 95 74 40 76 9 70 25 23 83 38 7 95 2 22 25 23 68 49 91 13 6 42 24 75 41 81 81 96 18 48 69 100 62 53 64 36 33 89 7 27 22 100 29 10 4 44 78 94 90 47 61 65 43 50 71 63 41 89 91 77 83 50 51 94 61 75 23 87 95 15 64 88 63 70 62 76 28 73 77 77 54 31 7 37 0 46 
88 11 65 74 67 64 15 9 91 75 80 45 80 28 60 68 95 71 46 44 22 76 57 21 33 25 20 66 58 84 45 71 97 5 28 85 37 64 93 32 81 99 5 61 9 3 99 47 97 94 75 61 36 41 62 28 35 72 21 69 2 82 69 36 97 35 12 50 69 94 81 53 2 12 72 99 74 49 14 11 81 29 9 69 0 99 62 71 72 40 55 83 73 89 80 71 99 43 65 60 
13 64 89 30 46 9 21 86 73 38 95 44 38 18 21 77 71 60 26 25 8 92 76 37 56 91 77 6 17 65 72 77 62 37 84 94 14 79 52 80 72 32 99 80 79 25 82 67 44 6 79 79 77 94 92 64 20 37 10 41 2 13 5 83 15 48 75 46 85 76 95 7 71 85 30 83 60 61 27 13 89 97 81 82 70 40 1 93 15 83 24 49 14 100 79 48 25 5 33 0 
36 10 20 11 13 53 28 99 91 80 81 58 55 27 92 26 9 98 36 64 16 25 39 11 49 15 70 45 53 29 9 29 88 53 24 36 83 24 68 17 64 61 89 72 21 77 71 100 81 60 37 86 18 10 53 99 69 58 8 58 51 91 67 84 88 56 23 4 20 38 80 56 31 93 98 87 70 46 71 59 50 93 79 93 13 64 21 98 2 15 24 14 34 63 74 68 13 27 5 24 
17 49 87 86 38 42 44 37 49 71 41 7 18 8 95 33 20 91 97 87 28 36 16 68 99 71 26 26 88 27 0 32 82 8 84 27 79 10 10 74 46 78 77 7 88 39 94 23 4 1 37 4 8 90 85 28 10 57 84 79 97 80 8 26 88 40 98 37 21 47 12 98 67 62 57 65 39 72 0 85 48 34 9 31 4 18 41 74 31 74 73 99 85 27 65 57 73 47 90 58 
1 0 75 97 90 94 41 65 6 26 13 64 27 69 88 39 74 68 94 71 35 89 82 100 34 22 28 45 5 81 95 3 34 19 57 89 58 64 11 52 81 97 39 82 31 25 86 36 24 49 70 50 38 88 16 61 44 50 44 1 97 86 8 74 61 62 29 69 34 86 98 53 12 5 57 100 38 8 26 5 38 36 32 94 5 48 24 85 75 58 11 78 2 1 23 44 54 75 5 67 
2 2 39 59 93 14 34 39 74 13 53 57 35 25 85 32 48 70 39 64 89 69 19 77 52 1 89 73 20 54 95 96 18 72 51 18 24 93 91 34 15 68 78 51 96 65 62 81 58 6 54 18 44 56 82 17 8 42 31 72 88 96 92 38 58 19 72 34 16 41 78 84 70 28 63 90 14 74 62 56 97 36 64 84 91 96 59 34 25 11 87 52 47 54 36 1 99 62 35 6 
90 50 79 77 77 28 31 2 29 63 24 30 70 57 78 11 19 36 69 95 38 34 20 88 62 98 24 44 16 24 37 92 80 21 56 32 2 2 36 87 36 57 62 63 17 14 36 86 33 94 16 19 83 90 15 95 56 39 82 57 87 83 57 24 51 5 40 51 16 64 31 4 37 35 7 33 7 91 10 40 91 11 20 79 38 31 11 73 69 38 15 25 42 17 95 51 45 75 35 23 
77 55 47 42 37 22 12 58 29 30 11 39 53 9 100 93 2 38 68 7 39 26 2 90 83 73 70 94 29 48 3 79 16 43 6 17 96 7 31 13 0 90 89 60 60 12 49 27 82 84 57 22 0 89 16 53 47 76 47 79 65 81 97 16 28 51 80 51 94 33 81 55 46 16 71 58 18 39 33 20 45 10 64 27 94 6 81 68 31 32 45 67 74 1 8 54 84 3 95 40 
51 6 29 79 80 1 73 95 60 68 86 74 97 4 29 81 31 60 90 82 89 60 56 63 38 22 9 95 3 54 59 56 68 29 35 66 41 95 96 80 14 73 70 15 36 78 24 43 42 99 34 39 16 34 28 5 57 29 8 27 94 99 11 37 48 84 3 37 87 32 19 39 98 70 31 70 42 71 22 86 64 17 35 59 21 96 68 98 97 59 84 62 75 38 96 73 25 100 39 9 
46 51 58 28 31 15 80 52 17 39 87 39 60 42 63 44 69 64 39 11 9 89 80 53 8 7 54 55 3 81 90 28 85 18 15 3 42 42 4 67 12 48 24 9 13 49 28 79 9 5 12 98 90 75 11 33 70 99 68 83 8 91 21 85 4 87 69 31 12 66 25 1 15 59 57 42 16 99 31 45 7 7 82 80 6 44 39 89 35 69 1 64 100 49 90 59 43 44 40 28 
1 46 2 50 59 7 61 97 91 70 33 12 28 0 10 93 82 72 65 94 91 29 94 85 12 21 24 42 39 12 12 90 23 87 75 73 85 84 45 51 24 100 94 97 59 29 79 5 53 34 86 31 83 31 92 57 6 59 60 50 97 74 100 53 17 89 4 7 41 78 56 96 0 44 39 53 31 53 66 20 14 10 49 26 67 97 31 55 96 28 5 84 68 71 68 2 59 82 39 17 
85 60 49 56 76 58 43 55 66 20 69 77 41 27 55 79 75 74 9 69 2 51 61 75 64 7 67 84 75 78 85 26 4 52 61 83 62 67 40 23 23 10 7 9 11 40 9 2 63 31 34 53 9 81 46 92 3 11 34 50 66 64 29 0 95 64 64 24 54 88 72 77 7 95 40 55 5 24 67 22 84 73 91 8 91 42 16 35 42 74 52 3 10 32 80 30 96 58 36 67 
79 45 82 53 9 90 68 86 48 26 80 56 20 99 65 87 71 25 65 78 48 61 85 37 93 94 82 45 52 11 26 83 52 76 37 70 31 93 16 2 100 29 21 76 19 8 13 62 14 69 50 92 8 73 67 89 71 14 95 89 67 45 63 82 71 67 18 100 78 69 31 96 43 35 20 45 25 87 0 31 75 91 83 51 83 81 12 49 40 31 46 43 2 56 55 81 20 65 74 43 
79 20 60 58 54 69 28 70 29 97 68 97 13 96 1 55 5 72 68 55 74 66 76 65 85 93 86 48 78 18 87 90 27 86 53 87 27 6 31 100 19 42 67 25 34 95 50 77 94 62 12 28 82 8 75 25 39 24 52 21 71 72 27 59 53 36 75 79 87 39 100 14 34 73 41 81 98 94 64 57 92 98 97 32 98 89 80 53 17 53 23 20 20 38 93 28 77 38 50 64 
80 10 97 8 4 45 1 31 86 100 54 96 99 11 87 95 70 54 26 27 64 98 40 53 44 11 69 52 82 72 96 54 73 65 17 42 64 3 40 19 7 100 95 62 1 54 92 3 34 87 50 4 17 34 31 93 53 5 72 0 75 20 55 38 23 2 92 92 84 42 79 61 52 19 91 18 83 90 11 66 97 49 61 87 7 8 73 53 21 99 93 97 61 86 22 16 36 62 84 41 
37 46 10 31 18 64 4 54 29 7 53 16 26 21 42 35 41 40 55 83 14 30 12 82 2 16 22 75 9 82 3 11 28 82 19 80 52 3 92 17 99 81 83 11 26 50 59 94 50 25 64 61 71 47 80 10 7 70 77 39 92 28 65 100 100 34 70 95 48 47 81 24 31 75 27 94 89 58 80 48 10 10 71 79 46 98 15 26 51 47 39 66 36 16 29 90 100 55 32 24 
19 95 54 63 21 94 95 94 62 11 53 24 58 95 9 42 75 77 57 95 41 16 72 54 50 87 58 97 34 50 27 80 38 21 75 63 75 48 83 57 72 82 49 67 17 12 30 48 85 70 42 57 87 44 100 55 38 84 78 92 25 99 89 79 57 97 7 27 77 69 63 28 17 41 97 5 50 100 31 10 56 13 44 53 45 74 26 35 96 71 0 67 50 61 67 28 88 87 34 76 
93 51 63 69 43 55 15 73 2 97 86 13 19 55 33 95 50 59 19 73 66 78 24 26 38 94 97 53 25 8 41 53 40 79 50 69 81 32 78 3 40 38 70 68 22 78 42 36 44 10 15 48 17 58 53 26 42 36 96 30 0 84 89 22 49 21 17 71 0 42 99 74 62 2 81 43 62 53 70 64 92 39 58 0 46 60 96 81 77 89 89 3 0 9 100 20 73 46 77 100 
81 82 73 46 16 52 57 48 76 82 43 100 57 87 40 24 71 18 79 42 73 75 84 78 41 22 98 55 16 76 54 41 84 79 35 98 6 28 18 49 17 16 54 34 100 26 99 53 60 80 98 39 7 9 43 5 18 80 69 98 100 66 32 8 42 61 28 25 53 82 12 86 16 96 68 53 40 93 42 27 6 10 5 55 82 14 89 0 71 8 93 17 89 75 91 36 4 27 38 82 
85 36 72 91 53 56 65 86 6 45 97 83 11 26 59 5 69 17 1 45 52 46 32 16 78 75 7 3 60 49 11 78 47 47 97 6 3 85 70 69 44 31 63 38 47 62 57 5 28 72 71 41 92 59 93 51 47 100 32 73 88 8 22 51 45 25 8 24 9 4 93 29 74 78 4 68 85 100 74 30 25 41 11 21 16 97 42 8 31 12 98 40 43 30 19 86 79 14 81 78 
63 52 8 94 96 56 39 100 39 24 93 40 13 64 68 81 13 17 36 23 69 61 85 29 84 52 35 86 18 79 25 41 35 99 18 84 44 43 92 84 83 76 100 55 30 23 12 56 38 44 73 86 31 37 69 99 35 44 93 28 64 44 82 26 71 64 92 70 21 51 85 68 49 17 62 36 77 13 52 50 38 85 61 76 24 84 38 50 75 37 48 79 88 71 59 95 73 49 51 9 
92 49 41 82 93 63 75 55 12 6 7 89 32 63 64 20 21 78 100 27 48 56 43 65 68 35 94 40 92 24 100 5 69 6 21 28 85 77 73 83 82 94 47 58 7 0 86 20 84 92 47 91 26 95 11 48 8 28 96 5 25 44 47 77 60 17 24 67 78 25 43 0 30 12 60 58 97 28 4 31 60 68 11 92 12 54 73 26 46 69 84 56 99 16 39 48 78 95 45 68 
0 95 98 7 22 52 76 0 52 68 53 77 38 6 84 35 33 40 66 36 67 28 7 79 77 50 89 86 100 81 83 10 55 99 47 41 57 47 100 89 88 77 5 8 43 71 44 25 87 29 3 6 94 70 52 41 62 12 51 74 42 82 60 61 13 70 49 12 53 97 42 3 75 11 84 51 97 62 73 69 85 3 100 36 49 82 70 41 11 84 43 81 66 35 84 47 43 52 62 28 
29 92 87 44 32 83 97 80 62 70 65 90 46 49 21 68 14 73 32 69 18 98 87 4 92 31 42 91 40 42 60 20 68 58 48 15 82 35 69 7 96 64 8 25 39 42 53 68 27 8 78 48 73 22 17 18 29 58 6 9 50 47 23 25 96 5 16 75 84 68 1 50 79 46 43 79 24 14 68 30 5 40 43 83 63 69 78 14 43 85 1 93 42 68 69 37 31 92 19 23 
15 9 89 50 18 54 95 6 56 26 38 16 58 33 58 18 5 83 39 64 17 75 5 55 85 66 92 19 14 21 47 63 84 25 5 96 66 78 17 62 87 94 88 88 77 49 95 74 59 34 28 72 55 8 30 94 37 60 96 27 39 29 3 38 48 65 99 66 46 42 77 66 33 70 74 35 50 34 20 50 57 66 14 20 71 82 41 44 37 3 41 81 28 84 19 80 100 85 82 88 
83 94 6 85 43 91 48 8 87 48 2 92 72 51 98 16 81 44 90 22 2 12 68 48 77 47 92 25 40 92 53 63 31 53 55 66 20 94 49 97 23 35 18 81 18 23 94 37 1 38 94 16 90 60 46 5 4 19 0 67 22 25 50 80 56 70 23 40 31 69 48 97 71 53 75 8 40 33 79 97 31 54 90 27 27 98 57 16 19 17 91 29 18 8 4 36 14 20 79 15 
20 62 41 5 95 82 14 6 100 92 41 85 5 62 97 46 52 15 62 13 30 72 24 31 64 17 31 62 26 67 55 77 94 58 13 90 31 20 64 6 48 20 69 65 10 11 22 41 72 78 79 95 15 84 96 75 26 35 54 65 95 51 7 27 24 66 80 81 86 87 97 87 50 48 43 54 91 8 71 94 76 73 55 81 82 39 47 42 59 80 66 100 29 27 4 69 86 34 26 33 
7 43 54 49 56 4 9 73 52 65 61 89 7 68 81 98 58 64 15 95 84 64 20 97 83 69 92 52 73 80 86 92 30 32 62 2 16 90 16 28 17 49 57 10 26 2 68 25 29 67 64 3 11 36 68 37 3 26 58 38 70 5 34 25 28 41 4 92 28 17 68 24 29 14 66 100 46 96 6 59 94 42 24 77 16 0 26 44 63 55 88 0 16 96 98 67 66 96 35 43 
61 25 76 77 100 64 11 51 40 20 42 69 2 78 50 10 88 38 97 64 56 90 84 84 78 46 10 97 21 46 66 51 9 87 75 51 37 9 55 92 27 74 78 60 12 73 22 57 29 94 18 26 24 41 4 95 3 88 100 59 31 59 86 84 82 100 98 100 48 97 7 26 2 27 16 99 47 7 26 0 23 94 55 55 75 45 56 74 23 30 55 26 11 88 89 24 94 64 9 87 
53 52 33 66 33 7 19 55 9 90 13 30 82 89 67 62 13 36 50 77 8 34 38 2 11 55 40 58 29 94 99 23 93 70 1 86 98 43 9 55 7 85 87 82 30 78 100 70 72 72 42 16 13 34 36 5 32 39 23 20 46 53 24 22 64 40 22 90 28 84 98 46 31 77 52 91 11 75 58 22 15 42 1 52 61 1 84 47 4 67 58 94 3 38 37 86 97 84 54 30 
1 14 67 11 69 80 97 6 3 75 8 76 24 17 74 70 17 61 17 42 26 40 81 83 85 69 89 55 74 58 0 15 72 80 22 25 52 38 65 81 6 74 5 54 26 47 73 42 45 29 76 90 85 57 67 69 28 90 24 93 60 59 27 11 81 60 0 2 26 4 67 1 65 55 25 0 50 65 42 99 62 22 32 31 63 79 3 38 90 2 75 13 63 42 60 48 43 94 86 68 
51 0 59 72 43 80 68 77 80 92 89 17 73 10 9 54 25 83 39 3 22 33 28 57 16 86 100 16 68 24 89 92 33 83 7 80 17 44 96 91 47 99 41 69 64 14 78 47 36 17 77 92 24 30 62 56 16 48 97 61 26 84 58 69 34 57 50 68 82 64 65 97 8 11 4 11 65 62 36 33 14 99 61 58 92 78 97 84 49 19 89 40 48 33 94 3 18 80 22 0 
